#include <bits/stdc++.h>
#define see(X) cout<<#X<<" "<<X<<endl;
using namespace std;
//double Pi= 3.14159;
//double inf = 10000000.00001;


typedef struct{
	vector<int> path;
	double fitness;
}ant;


char labels[]={'A','B','C','D','E','F','G','H','I','J'}; 
double DISTANCIAS[10][10]={
					{	0,	12,	3,	23,	1,	5,	23,	56,	12,	11},
					{	12,	0,	9,	18,	3,	41,	45,	5,	41,	27},
					{	3,	9,	0,	89,	56,	21,	12,	48,	14,	29},
					{	23,	18,	89,	0,	87,	46,	75,	17,	50,	42},
					{	1,	3,	56,	87,	0,	55,	22,	86,	14,	33},
					{	5,	41,	21,	46,	55,	0,	21,	76,	54,	81},
					{	23,	45,	12,	75,	22,	21,	0,	11,	57,	48},
					{	56,	5,	48,	17,	86,	76,	11,	0,	63,	24},
					{	12,	41,	14,	50,	14,	54,	57,	63,	0,	9},
					{	11,	27,	29,	42,	33,	81,	48,	24,	9,	0}
					};



int main(){

	return 0;
}